{
  "camera_angle_x": 0.6591439897808854,
  "camera_angle_y": 1.0923241262495444,
  "fl_x": 3356.266676992873,
  "fl_y": 3356.163061027648,
  "k1": 0.10690880671633882,
  "k2": -0.13844863453311754,
  "k3": 0,
  "k4": 0,
  "p1": 0.0011165432181545066,
  "p2": -2.2377110625474316e-05,
  "is_fisheye": false,
  "cx": 1139.6696363281437,
  "cy": 2050.813110110289,
  "w": 2296.0,
  "h": 4080.0,
  "aabb_scale": 16,
  "frames": [
    {
      "file_path": "./images/IMG_20230123_153950.jpg",
      "sharpness": 328.7201988917595,
      "transform_matrix": [
        [
          -0.8373170827802686,
          0.5360245308795488,
          -0.10760021033426244,
          -0.2699838425271291
        ],
        [
          -0.3814209363386522,
          -0.43173209142557145,
          0.8173894240543254,
          2.6774306803541785
        ],
        [
          0.391686318729182,
          0.7254551010205424,
          0.5659476338036487,
          1.8729579049264058
        ],
        [
          0.0,
          0.0,
          0.0,
          1.0
        ]
      ]
    },
    {
      "file_path": "./images/IMG_20230123_153955.jpg",
      "sharpness": 145.92037163829096,
      "transform_matrix": [
        [
          -0.5927792590189512,
          0.6825112634768102,
          -0.42754078798227896,
          -1.6861891926925097
        ],
        [
          -0.7695518485218837,
          -0.32346944243314474,
          0.550597377625934,
          2.1913019246571923
        ],
        [
          0.23749253156443956,
          0.6553975092371452,
          0.7169737808463796,
          2.5169045332579913
        ],
        [
          0.0,
          0.0,
          0.0,
          1.0
        ]
      ]
    },
    {
      "file_path": "./images/IMG_20230123_153944.jpg",
      "sharpness": 226.57338133481082,
      "transform_matrix": [
        [
          -0.925934211451756,
          0.34863521719856466,
          0.14525605487001905,
          0.5598265179775181
        ],
        [
          -0.03244317765233046,
          -0.45659459631629534,
          0.8890831315679051,
          3.073471584346918
        ],
        [
          0.37628882041763073,
          0.8185199203501616,
          0.4340873917806939,
          1.4698326951842202
        ],
        [
          0.0,
          0.0,
          0.0,
          1.0
        ]
      ]
    },
    {
      "file_path": "./images/IMG_20230123_153938.jpg",
      "sharpness": 157.97700998974696,
      "transform_matrix": [
        [
          -0.8247440151904696,
          0.06652864414409439,
          0.5615792455211718,
          1.811842716829926
        ],
        [
          0.50669654593999,
          -0.35402371366967866,
          0.7860825786722583,
          2.591877702326536
        ],
        [
          0.25110937816358037,
          0.9328671661826,
          0.25826910489068866,
          0.7261832674152006
        ],
        [
          0.0,
          0.0,
          0.0,
          1.0
        ]
      ]
    },
    {
      "file_path": "./images/IMG_20230123_153927.jpg",
      "sharpness": 1513.7826443572924,
      "transform_matrix": [
        [
          -0.43165474519977387,
          -0.10002176108793488,
          0.8964763400891649,
          3.6319586534384065
        ],
        [
          0.8895247403212746,
          -0.21216974479330983,
          0.4046353120412573,
          1.6794717923819698
        ],
        [
          0.149732819781226,
          0.9721006361399808,
          0.18055590818607903,
          -0.34780028093386367
        ],
        [
          0.0,
          0.0,
          0.0,
          1.0
        ]
      ]
    },
    {
      "file_path": "./images/IMG_20230123_153931.jpg",
      "sharpness": 86.9294383961081,
      "transform_matrix": [
        [
          -0.6140322243046537,
          0.03971506430533334,
          0.7882811308581352,
          2.5909231973975753
        ],
        [
          0.7378248879457863,
          -0.32582519662470666,
          0.5911449703518364,
          2.2324046630489436
        ],
        [
          0.2803192149686957,
          0.9445954980768282,
          0.17076440734712767,
          0.1843186143988283
        ],
        [
          0.0,
          0.0,
          0.0,
          1.0
        ]
      ]
    },
    {
      "file_path": "./images/IMG_20230123_153919.jpg",
      "sharpness": 510.6991955860799,
      "transform_matrix": [
        [
          -0.051105120853073595,
          -0.8463456379287364,
          0.5301766949478925,
          2.5735551064749007
        ],
        [
          0.9986777188785628,
          -0.04034504833207076,
          0.03186049106036669,
          0.08833143763058796
        ],
        [
          -0.005574983248998594,
          0.5311038865592153,
          0.8472883696403263,
          3.896638876238906
        ],
        [
          0.0,
          0.0,
          0.0,
          1.0
        ]
      ]
    },
    {
      "file_path": "./images/IMG_20230123_153914.jpg",
      "sharpness": 433.0012153805713,
      "transform_matrix": [
        [
          -0.04383163322767059,
          -0.6712882210637016,
          0.7398992581926298,
          3.4222730074994607
        ],
        [
          0.9987749360783833,
          -0.04646905944992407,
          0.01700745646696158,
          -0.017640690257599637
        ],
        [
          0.02296551741938304,
          0.7397382988997825,
          0.6725026648533141,
          3.2950436562390943
        ],
        [
          0.0,
          0.0,
          0.0,
          1.0
        ]
      ]
    },
    {
      "file_path": "./images/IMG_20230123_154147.jpg",
      "sharpness": 387.59158924384,
      "transform_matrix": [
        [
          -0.038123504301137305,
          -0.8844778133896924,
          0.4650221458441175,
          1.8901386985933415
        ],
        [
          0.9992533110104738,
          -0.03666712320683279,
          0.01217959401437962,
          0.013260318905361035
        ],
        [
          0.006278443633759357,
          0.46513924773272325,
          0.8852152627742399,
          3.991003146771582
        ],
        [
          0.0,
          0.0,
          0.0,
          1.0
        ]
      ]
    },
    {
      "file_path": "./images/IMG_20230123_154018.jpg",
      "sharpness": 239.92481286453943,
      "transform_matrix": [
        [
          0.8337545576912115,
          0.548330889103696,
          -0.06470373766761557,
          -0.22637592312678834
        ],
        [
          -0.3962649019733164,
          0.5126538998180187,
          -0.7616824183775475,
          -2.2988704304237864
        ],
        [
          -0.3844833742355088,
          0.6606960080997095,
          0.6447118115110648,
          2.1041011524284015
        ],
        [
          0.0,
          0.0,
          0.0,
          1.0
        ]
      ]
    },
    {
      "file_path": "./images/IMG_20230123_153908.jpg",
      "sharpness": 1563.0154210606925,
      "transform_matrix": [
        [
          -0.04790219119149044,
          -0.30089425424133537,
          0.9524536880751117,
          4.070319662460492
        ],
        [
          0.9983069808351096,
          -0.045918965617500404,
          0.035701829260157664,
          0.1077374519374829
        ],
        [
          0.032993212864695885,
          0.9525513615786362,
          0.30258445357262437,
          1.7202706733907678
        ],
        [
          0.0,
          0.0,
          0.0,
          1.0
        ]
      ]
    },
    {
      "file_path": "./images/IMG_20230123_154136.jpg",
      "sharpness": 422.16136745476547,
      "transform_matrix": [
        [
          0.07966843178434152,
          -0.7030192906131986,
          0.7066942889871242,
          3.130859844571056
        ],
        [
          0.9959756171823245,
          0.026940723103932092,
          -0.0854796315910397,
          -0.5151518003526164
        ],
        [
          0.041054974804278,
          0.7106603088315364,
          0.7023363970203866,
          3.4768052611176183
        ],
        [
          0.0,
          0.0,
          0.0,
          1.0
        ]
      ]
    },
    {
      "file_path": "./images/IMG_20230123_154013.jpg",
      "sharpness": 1214.2275331734975,
      "transform_matrix": [
        [
          0.6552077694650704,
          0.6834295079125026,
          -0.32191130242872656,
          -1.482579442155575
        ],
        [
          -0.6882206553433392,
          0.36427015932465523,
          -0.6274229678489537,
          -1.8974347408414936
        ],
        [
          -0.3115366887458929,
          0.6326384107953938,
          0.709022942390312,
          2.4085665813555432
        ],
        [
          0.0,
          0.0,
          0.0,
          1.0
        ]
      ]
    },
    {
      "file_path": "./images/IMG_20230123_153903.jpg",
      "sharpness": 140.8940524268515,
      "transform_matrix": [
        [
          -0.04607692773191523,
          0.12252076644410724,
          0.9913957729408643,
          4.021436909421605
        ],
        [
          0.998632671028439,
          -0.01888217664721801,
          0.04874681281564542,
          0.14586387543628102
        ],
        [
          0.02469220697985494,
          0.9922863121495072,
          -0.12148320756173527,
          0.207002685876886
        ],
        [
          0.0,
          0.0,
          0.0,
          1.0
        ]
      ]
    },
    {
      "file_path": "./images/IMG_20230123_154132.jpg",
      "sharpness": 428.7666449756141,
      "transform_matrix": [
        [
          0.5899261273414107,
          -0.5389719772360897,
          0.6012456836589046,
          2.571188992615605
        ],
        [
          0.7838285602124664,
          0.5610646384793258,
          -0.26611888253810495,
          -1.2063633141878465
        ],
        [
          -0.19390707183791733,
          0.6282640203444474,
          0.7534483182781478,
          3.63481516613252
        ],
        [
          0.0,
          0.0,
          0.0,
          1.0
        ]
      ]
    },
    {
      "file_path": "./images/IMG_20230123_154123.jpg",
      "sharpness": 301.5455364035607,
      "transform_matrix": [
        [
          0.7111476791433783,
          0.6998660013002893,
          0.06675746218369608,
          0.28240679331082724
        ],
        [
          -0.6668255963927149,
          0.7015491270151406,
          -0.25134129461711774,
          -1.0876725866222805
        ],
        [
          -0.22273886614203833,
          0.13422519380554823,
          0.9655935971939306,
          4.525457143680482
        ],
        [
          0.0,
          0.0,
          0.0,
          1.0
        ]
      ]
    },
    {
      "file_path": "./images/IMG_20230123_154108.jpg",
      "sharpness": 296.6448281750922,
      "transform_matrix": [
        [
          -0.7421363533951597,
          0.632574887830041,
          0.22154603210263793,
          1.111954223845031
        ],
        [
          -0.5434765843599021,
          -0.7613903053491644,
          0.35343741337444046,
          1.3873753277527998
        ],
        [
          0.39225863315179965,
          0.14189367230949415,
          0.9088450641119751,
          4.016456185442895
        ],
        [
          0.0,
          0.0,
          0.0,
          1.0
        ]
      ]
    },
    {
      "file_path": "./images/IMG_20230123_154103.jpg",
      "sharpness": 239.46191107918898,
      "transform_matrix": [
        [
          -0.869934676847659,
          0.1963333071037309,
          0.45240124958265604,
          2.177536593238186
        ],
        [
          0.01088783003453622,
          -0.9094693296061162,
          0.41562843221193974,
          1.5769576010157937
        ],
        [
          0.49304676579341655,
          0.3664952537778609,
          0.7890412636758901,
          3.455499201693447
        ],
        [
          0.0,
          0.0,
          0.0,
          1.0
        ]
      ]
    },
    {
      "file_path": "./images/IMG_20230123_154058.jpg",
      "sharpness": 361.6091048901408,
      "transform_matrix": [
        [
          -0.7350868173711839,
          -0.26456953610548056,
          0.6242197782642841,
          3.3528510555988262
        ],
        [
          0.5879751525454131,
          -0.7071700813421565,
          0.3926775980925578,
          1.331066637939865
        ],
        [
          0.3375390214041744,
          0.6556778451816258,
          0.6753917177844164,
          2.9354680674857314
        ],
        [
          0.0,
          0.0,
          0.0,
          1.0
        ]
      ]
    },
    {
      "file_path": "./images/IMG_20230123_154046.jpg",
      "sharpness": 295.7305974349495,
      "transform_matrix": [
        [
          -0.043470723537950125,
          -0.15492342846894255,
          0.9869696183727203,
          3.941759087940514
        ],
        [
          0.9990483924624086,
          -0.010251786456460249,
          0.04239351828691554,
          0.20588753570727605
        ],
        [
          0.0035504525687014353,
          0.9878732875577547,
          0.15522165474148086,
          0.5454785944277825
        ],
        [
          0.0,
          0.0,
          0.0,
          1.0
        ]
      ]
    },
    {
      "file_path": "./images/IMG_20230123_154054.jpg",
      "sharpness": 1582.0481745473107,
      "transform_matrix": [
        [
          -0.0480058100877573,
          -0.6388545278590249,
          0.7678283235959185,
          3.788051528589673
        ],
        [
          0.9976225415491247,
          -0.06871866706941922,
          0.005197055828265011,
          0.032728417106999495
        ],
        [
          0.04944397628823494,
          0.766252332534271,
          0.6406345730437049,
          2.4802216513643383
        ],
        [
          0.0,
          0.0,
          0.0,
          1.0
        ]
      ]
    },
    {
      "file_path": "./images/IMG_20230123_154042.jpg",
      "sharpness": 285.7799957294227,
      "transform_matrix": [
        [
          0.2837937086171219,
          -0.11491640040031424,
          0.9519744492120851,
          3.8166095379077776
        ],
        [
          0.9522660324743116,
          0.15022795443470294,
          -0.2657460537844591,
          -1.0271666411690237
        ],
        [
          -0.11247459425773625,
          0.9819499899219671,
          0.15206473300242496,
          0.5920792958803089
        ],
        [
          0.0,
          0.0,
          0.0,
          1.0
        ]
      ]
    },
    {
      "file_path": "./images/IMG_20230123_154036.jpg",
      "sharpness": 354.4568105921607,
      "transform_matrix": [
        [
          0.2855323177292378,
          -0.09389563654833721,
          0.9537583053654788,
          3.5324837691898163
        ],
        [
          0.9478640586942804,
          0.1746147143719007,
          -0.2665772453913497,
          -1.2375542680819085
        ],
        [
          -0.14150979392589808,
          0.9801496370675696,
          0.1388584432566274,
          0.6372155900524138
        ],
        [
          0.0,
          0.0,
          0.0,
          1.0
        ]
      ]
    },
    {
      "file_path": "./images/IMG_20230123_154032.jpg",
      "sharpness": 277.41502376809035,
      "transform_matrix": [
        [
          0.6387147004951578,
          -0.010115683355034601,
          0.7693771535507922,
          2.641701743051928
        ],
        [
          0.7183707466585804,
          0.3660641704296874,
          -0.5915576839775081,
          -2.149418462937087
        ],
        [
          -0.27565739924477095,
          0.930534629205639,
          0.24107737798272408,
          0.9424406979842418
        ],
        [
          0.0,
          0.0,
          0.0,
          1.0
        ]
      ]
    },
    {
      "file_path": "./images/IMG_20230123_154028.jpg",
      "sharpness": 195.81049807269275,
      "transform_matrix": [
        [
          0.8179834526410625,
          0.1365828946177143,
          0.5587917180734971,
          1.9100804563480867
        ],
        [
          0.44436318488934934,
          0.46684815538274477,
          -0.7645875749256831,
          -2.5787159127216834
        ],
        [
          -0.3653004669978555,
          0.873726451917098,
          0.3211816559453551,
          1.2046409383973595
        ],
        [
          0.0,
          0.0,
          0.0,
          1.0
        ]
      ]
    },
    {
      "file_path": "./images/IMG_20230123_154024.jpg",
      "sharpness": 164.59331573482464,
      "transform_matrix": [
        [
          0.9306223892664572,
          0.316927174722757,
          0.18302768807620032,
          0.639085553164715
        ],
        [
          -0.0063704004256424935,
          0.5140536651751918,
          -0.8577343687403363,
          -2.634578247676507
        ],
        [
          -0.36592538403159486,
          0.7970608479310635,
          0.48040880310526823,
          1.8519855207108873
        ],
        [
          0.0,
          0.0,
          0.0,
          1.0
        ]
      ]
    },
    {
      "file_path": "./images/IMG_20230123_154127.jpg",
      "sharpness": 282.4684245682208,
      "transform_matrix": [
        [
          0.9617280601698776,
          0.07864310344344963,
          0.2624774288333096,
          1.1840205465197178
        ],
        [
          0.019394279619091147,
          0.935986808826721,
          -0.35150043473720255,
          -1.3899947094394554
        ],
        [
          -0.2733184960521875,
          0.3431383918971718,
          0.898639551659221,
          4.1936306400102135
        ],
        [
          0.0,
          0.0,
          0.0,
          1.0
        ]
      ]
    },
    {
      "file_path": "./images/IMG_20230123_153858.jpg",
      "sharpness": 113.47017232447183,
      "transform_matrix": [
        [
          -0.02349785928738606,
          0.23367091501099171,
          0.9720317660298526,
          3.3625247315406197
        ],
        [
          0.9992265185948046,
          -0.025176688033075982,
          0.030207597001528606,
          0.08111348662437964
        ],
        [
          0.03153117736320398,
          0.971989731397321,
          -0.23289857663057215,
          -0.9593427835758149
        ],
        [
          0.0,
          0.0,
          0.0,
          1.0
        ]
      ]
    }
  ]
}