{
  "camera_angle_x": 0.7480332846805918,
  "camera_angle_y": 1.2188737336240434,
  "fl_x": 1375.8266952166812,
  "fl_y": 1375.1986289348695,
  "k1": 0.04943396899464612,
  "k2": -0.0663040658404904,
  "p1": -0.0011677837020407046,
  "p2": 0.00035888351609852275,
  "cx": 551.2696527398568,
  "cy": 961.3769684996828,
  "w": 1080.0,
  "h": 1920.0,
  "aabb_scale": 16,
  "frames": [
    {
      "file_path": "./images/0052.jpg",
      "sharpness": 13.456406073969257,
      "transform_matrix": [
        [
          0.93564528210876,
          -0.03298620514720843,
          0.3513969497659708,
          0.9199797269169013
        ],
        [
          0.3239235338140367,
          -0.3150906918113123,
          -0.892071409795892,
          -2.7922756358405145
        ],
        [
          0.14014795853163128,
          0.9484881476193038,
          -0.28412811109124125,
          -1.5919448412036155
        ],
        [
          0.0,
          0.0,
          0.0,
          1.0
        ]
      ]
    },
    {
      "file_path": "./images/0046.jpg",
      "sharpness": 19.804643513969268,
      "transform_matrix": [
        [
          0.735087853208312,
          -0.11140621733545682,
          0.6687559366254802,
          2.0202747703356465
        ],
        [
          0.5363526799373082,
          -0.5077948314239807,
          -0.6741440587167506,
          -2.101212048196594
        ],
        [
          0.41469464762332714,
          0.8542441477082953,
          -0.3135207892721803,
          -1.8418199812400389
        ],
        [
          0.0,
          0.0,
          0.0,
          1.0
        ]
      ]
    },
    {
      "file_path": "./images/0045.jpg",
      "sharpness": 28.106999420846048,
      "transform_matrix": [
        [
          0.6610834195379206,
          -0.048291713425847566,
          0.748756718029073,
          2.2260379082676574
        ],
        [
          0.6275798369542216,
          -0.5113566371980406,
          -0.5870757513660047,
          -1.9423956301505954
        ],
        [
          0.41123261135501943,
          0.8580106642598964,
          -0.3077424886842593,
          -1.9022026740331748
        ],
        [
          0.0,
          0.0,
          0.0,
          1.0
        ]
      ]
    },
    {
      "file_path": "./images/0042.jpg",
      "sharpness": 29.709370165166295,
      "transform_matrix": [
        [
          0.5534199070403168,
          0.1331943984412462,
          0.8221834702075836,
          2.7972145626700793
        ],
        [
          0.7735991228002548,
          -0.44801345867893827,
          -0.4481387486539704,
          -1.4437964648100288
        ],
        [
          0.3086596891111729,
          0.8840493159547005,
          -0.35097863645096467,
          -1.8769064868360497
        ],
        [
          0.0,
          0.0,
          0.0,
          1.0
        ]
      ]
    },
    {
      "file_path": "./images/0044.jpg",
      "sharpness": 22.645864180640608,
      "transform_matrix": [
        [
          0.6081747848717245,
          0.010655044843131324,
          0.7937316303593083,
          2.4451999861360716
        ],
        [
          0.6920266715706958,
          -0.4969590407893432,
          -0.5235750162225611,
          -1.754634233707315
        ],
        [
          0.3888733943909287,
          0.8677085811332997,
          -0.3096115329403463,
          -1.9432825163855625
        ],
        [
          0.0,
          0.0,
          0.0,
          1.0
        ]
      ]
    },
    {
      "file_path": "./images/0039.jpg",
      "sharpness": 27.656625787009336,
      "transform_matrix": [
        [
          0.4059724965126232,
          0.19518548509486536,
          0.8927983862277153,
          3.2378135714695757
        ],
        [
          0.8907681836565651,
          -0.3028535789267684,
          -0.3388388300008817,
          -0.8195093143479281
        ],
        [
          0.2042507651264082,
          0.9328356426024492,
          -0.2968152435487619,
          -1.714994556835008
        ],
        [
          0.0,
          0.0,
          0.0,
          1.0
        ]
      ]
    },
    {
      "file_path": "./images/0035.jpg",
      "sharpness": 19.613383296754098,
      "transform_matrix": [
        [
          0.17343428388296098,
          0.2888619624037675,
          0.9415303053101753,
          3.852963583573634
        ],
        [
          0.9800059088744534,
          -0.14527913494410744,
          -0.13594995962111633,
          -0.5243489431460442
        ],
        [
          0.09751393615425498,
          0.9462836464791459,
          -0.30828281273692987,
          -0.9131424873631288
        ],
        [
          0.0,
          0.0,
          0.0,
          1.0
        ]
      ]
    },
    {
      "file_path": "./images/0033.jpg",
      "sharpness": 32.02583291089095,
      "transform_matrix": [
        [
          0.04610238978657094,
          0.17726256893157444,
          0.9830831863474061,
          4.156151154888348
        ],
        [
          0.998398395786972,
          -0.0404809088207194,
          -0.0395213778983539,
          -0.4332597448351868
        ],
        [
          0.032790439855733884,
          0.9833307061431675,
          -0.17884493109172903,
          -0.4238950513837909
        ],
        [
          0.0,
          0.0,
          0.0,
          1.0
        ]
      ]
    },
    {
      "file_path": "./images/0034.jpg",
      "sharpness": 18.662095202534157,
      "transform_matrix": [
        [
          0.09360616305016821,
          0.2765682058812908,
          0.956424546789684,
          4.035755581585717
        ],
        [
          0.9941603995924803,
          -0.07777249111935887,
          -0.0748100227719786,
          -0.4629955113623923
        ],
        [
          0.053693445791552906,
          0.9578420888058697,
          -0.28223314255805604,
          -0.6765780575169026
        ],
        [
          0.0,
          0.0,
          0.0,
          1.0
        ]
      ]
    },
    {
      "file_path": "./images/0030.jpg",
      "sharpness": 28.50210444869171,
      "transform_matrix": [
        [
          0.08382936418545527,
          0.13504374118310078,
          0.9872871039544459,
          4.280237201120962
        ],
        [
          0.9957076792315341,
          -0.050355445715560096,
          -0.07765659409267608,
          -0.9142206041802242
        ],
        [
          0.03922824517503818,
          0.9895592539213008,
          -0.13868535512577998,
          -0.39939573556135605
        ],
        [
          0.0,
          0.0,
          0.0,
          1.0
        ]
      ]
    },
    {
      "file_path": "./images/0031.jpg",
      "sharpness": 25.101529685578996,
      "transform_matrix": [
        [
          0.05146879356224759,
          0.13775734811061233,
          0.9891278361758916,
          4.256247728015781
        ],
        [
          0.9976928499776557,
          -0.050998834280801396,
          -0.04481178422465685,
          -0.771757482470226
        ],
        [
          0.04427121404076827,
          0.989152178337972,
          -0.14006436971535483,
          -0.36208066686045126
        ],
        [
          0.0,
          0.0,
          0.0,
          1.0
        ]
      ]
    },
    {
      "file_path": "./images/0029.jpg",
      "sharpness": 26.585992931101654,
      "transform_matrix": [
        [
          0.13403001326855427,
          0.13334757683750706,
          0.9819645509192373,
          4.322774556371659
        ],
        [
          0.9904906537115437,
          -0.049076090432919786,
          -0.1285293828579057,
          -1.1298313755931089
        ],
        [
          0.031051899346312004,
          0.9898535048514019,
          -0.13865719760452577,
          -0.3916514821162874
        ],
        [
          0.0,
          0.0,
          0.0,
          1.0
        ]
      ]
    },
    {
      "file_path": "./images/0027.jpg",
      "sharpness": 26.90392349054784,
      "transform_matrix": [
        [
          0.17342604626869962,
          0.11142423135577423,
          0.9785234014113331,
          4.187203742639562
        ],
        [
          0.9848458201716077,
          -0.021089044787200695,
          -0.17214517907978721,
          -1.4795619127896042
        ],
        [
          0.001454979577120157,
          0.9935491396120804,
          -0.11339307817359631,
          -0.36763329834836767
        ],
        [
          0.0,
          0.0,
          0.0,
          1.0
        ]
      ]
    },
    {
      "file_path": "./images/0026.jpg",
      "sharpness": 19.840499907651644,
      "transform_matrix": [
        [
          0.2260035033565895,
          0.1068725552044228,
          0.9682461842846831,
          4.20611932433073
        ],
        [
          0.9733982490390237,
          0.013650192340082388,
          -0.22871274782306422,
          -1.588318012673444
        ],
        [
          -0.037659862415712474,
          0.9941790226917513,
          -0.10094456681596181,
          -0.34166874359497046
        ],
        [
          0.0,
          0.0,
          0.0,
          1.0
        ]
      ]
    },
    {
      "file_path": "./images/0025.jpg",
      "sharpness": 22.886663306836194,
      "transform_matrix": [
        [
          0.27850175926889964,
          0.09936944586743775,
          0.9552813634104611,
          4.217277379704486
        ],
        [
          0.9591090709055536,
          0.023485480024162727,
          -0.282060671371702,
          -1.7597288060765144
        ],
        [
          -0.05046345399303484,
          0.9947734141115838,
          -0.08876538939831416,
          -0.2968548993899757
        ],
        [
          0.0,
          0.0,
          0.0,
          1.0
        ]
      ]
    },
    {
      "file_path": "./images/0022.jpg",
      "sharpness": 20.68469744351142,
      "transform_matrix": [
        [
          0.4236917081931695,
          0.046532435220739785,
          0.9046104514364207,
          3.948948530728105
        ],
        [
          0.9054043110809901,
          0.007999545326721567,
          -0.4244750178166655,
          -2.3636501899639777
        ],
        [
          -0.026988328578668116,
          0.9988847479635252,
          -0.038741326429707484,
          -0.255258468046136
        ],
        [
          0.0,
          0.0,
          0.0,
          1.0
        ]
      ]
    },
    {
      "file_path": "./images/0004.jpg",
      "sharpness": 29.769472255739693,
      "transform_matrix": [
        [
          0.9881348496016916,
          0.05808100228482004,
          0.1421833891263535,
          0.7968869569461924
        ],
        [
          0.14377770887408234,
          -0.02423987168024607,
          -0.9893130945518611,
          -4.778082309239939
        ],
        [
          -0.05401378899758389,
          0.9980175478225268,
          -0.032303015394746046,
          -0.5418794623034883
        ],
        [
          0.0,
          0.0,
          0.0,
          1.0
        ]
      ]
    },
    {
      "file_path": "./images/0001.jpg",
      "sharpness": 31.752987436300323,
      "transform_matrix": [
        [
          0.9878853719760247,
          0.055363407668678664,
          0.14497373863678345,
          0.9840152493098638
        ],
        [
          0.14703130541673326,
          -0.03507996173057209,
          -0.9885095808905283,
          -4.778378206799326
        ],
        [
          -0.04964158570792082,
          0.9978498330628142,
          -0.04279513514495555,
          -0.5587963366842928
        ],
        [
          0.0,
          0.0,
          0.0,
          1.0
        ]
      ]
    },
    {
      "file_path": "./images/0003.jpg",
      "sharpness": 34.03253962361947,
      "transform_matrix": [
        [
          0.987635460854283,
          0.0566496631577341,
          0.1461745945589947,
          0.8546572756566931
        ],
        [
          0.14797006117158468,
          -0.028891577018511957,
          -0.9885697435053311,
          -4.797145551705121
        ],
        [
          -0.05177892842065373,
          0.997975997912114,
          -0.036916800106284675,
          -0.5726555304835557
        ],
        [
          0.0,
          0.0,
          0.0,
          1.0
        ]
      ]
    },
    {
      "file_path": "./images/0002.jpg",
      "sharpness": 34.478819913413005,
      "transform_matrix": [
        [
          0.9876195850590548,
          0.0562875369046525,
          0.14642154337463573,
          0.9232707570633883
        ],
        [
          0.14833360918116753,
          -0.03141975917978297,
          -0.9884381311545541,
          -4.7993804559323
        ],
        [
          -0.05103621815376466,
          0.9979200929380453,
          -0.039380103024778006,
          -0.5637613318518079
        ],
        [
          0.0,
          0.0,
          0.0,
          1.0
        ]
      ]
    },
    {
      "file_path": "./images/0006.jpg",
      "sharpness": 27.124473160185637,
      "transform_matrix": [
        [
          0.9833624852680766,
          0.06763261078506376,
          0.1685943430041801,
          0.962531611664314
        ],
        [
          0.16928782085025307,
          -0.004615397040957819,
          -0.9855558491642481,
          -4.760683088318128
        ],
        [
          -0.06587758532164503,
          0.9976996181395023,
          -0.015987985602912022,
          -0.4916045525271003
        ],
        [
          0.0,
          0.0,
          0.0,
          1.0
        ]
      ]
    },
    {
      "file_path": "./images/0084.jpg",
      "sharpness": 22.036419643640826,
      "transform_matrix": [
        [
          0.8138740317156115,
          -0.3574552372938767,
          0.45807730111562744,
          1.7296900034947202
        ],
        [
          0.5668052544700906,
          0.3149806779457613,
          -0.7612614373694884,
          -2.7110199827034758
        ],
        [
          0.12783138888062315,
          0.8792115364473426,
          0.4589621010082556,
          2.230282927070784
        ],
        [
          0.0,
          0.0,
          0.0,
          1.0
        ]
      ]
    },
    {
      "file_path": "./images/0012.jpg",
      "sharpness": 18.79738999665605,
      "transform_matrix": [
        [
          0.8553890487726639,
          0.024011989571099398,
          0.5174292217915971,
          2.6993264068311826
        ],
        [
          0.5158211236820369,
          0.051747369153002945,
          -0.8551320238121588,
          -3.8763417732447696
        ],
        [
          -0.04730902218829158,
          0.9983714910341891,
          0.03187824143386919,
          -0.33604500793789804
        ],
        [
          0.0,
          0.0,
          0.0,
          1.0
        ]
      ]
    },
    {
      "file_path": "./images/0081.jpg",
      "sharpness": 22.335544930506998,
      "transform_matrix": [
        [
          0.878252397296565,
          -0.35107308475185195,
          0.324685102480662,
          1.627393913291442
        ],
        [
          0.44691262437794865,
          0.3610422505454612,
          -0.8184849415185459,
          -2.8872310226770206
        ],
        [
          0.1701229931236532,
          0.8639422332858584,
          0.47398521572181057,
          2.092583885889832
        ],
        [
          0.0,
          0.0,
          0.0,
          1.0
        ]
      ]
    },
    {
      "file_path": "./images/0014.jpg",
      "sharpness": 24.573150463855786,
      "transform_matrix": [
        [
          0.7774998182191651,
          0.04435414720329671,
          0.6273170986528713,
          3.1554844196762515
        ],
        [
          0.6249961803271219,
          0.05623717586372245,
          -0.7785994828069921,
          -3.5446109843636493
        ],
        [
          -0.06981265807209373,
          0.9974317468599093,
          0.01600322142747599,
          -0.3199979769708555
        ],
        [
          0.0,
          0.0,
          0.0,
          1.0
        ]
      ]
    },
    {
      "file_path": "./images/0085.jpg",
      "sharpness": 21.745143126936977,
      "transform_matrix": [
        [
          0.7589259406337038,
          -0.40362410875030813,
          0.5109980385833102,
          1.8343603661751322
        ],
        [
          0.6343035009208973,
          0.2807389926935751,
          -0.7203087440124721,
          -2.5369666968176903
        ],
        [
          0.14727690020681697,
          0.8707888359334525,
          0.4690802893389274,
          2.2513550177041846
        ],
        [
          0.0,
          0.0,
          0.0,
          1.0
        ]
      ]
    },
    {
      "file_path": "./images/0018.jpg",
      "sharpness": 26.132315759762008,
      "transform_matrix": [
        [
          0.646158558313358,
          0.040004589016976934,
          0.7621540200925326,
          3.5463780134601826
        ],
        [
          0.7615605074581797,
          0.03168830733108359,
          -0.6473186577401159,
          -3.2507006125852507
        ],
        [
          -0.050047087688227646,
          0.9986968929576525,
          -0.009990244131981385,
          -0.2733306218711132
        ],
        [
          0.0,
          0.0,
          0.0,
          1.0
        ]
      ]
    },
    {
      "file_path": "./images/0089.jpg",
      "sharpness": 25.274699007258214,
      "transform_matrix": [
        [
          0.556311855387922,
          -0.3793707057083415,
          0.7393206254206802,
          2.1709894527472433
        ],
        [
          0.8305844295151121,
          0.2266322954509279,
          -0.5086917613895807,
          -1.8785922455769057
        ],
        [
          0.02542882209308,
          0.8970594574929796,
          0.44117763394863757,
          2.2640543154544246
        ],
        [
          0.0,
          0.0,
          0.0,
          1.0
        ]
      ]
    },
    {
      "file_path": "./images/0019.jpg",
      "sharpness": 26.730619209501448,
      "transform_matrix": [
        [
          0.6429445441512558,
          0.014340209911479595,
          0.7657784741640704,
          3.430392739542359
        ],
        [
          0.7652618278281554,
          0.029183578401251527,
          -0.6430572708715324,
          -3.3001285431923253
        ],
        [
          -0.031569732388158994,
          0.9994711987339007,
          0.00778940726359666,
          -0.23833100937494528
        ],
        [
          0.0,
          0.0,
          0.0,
          1.0
        ]
      ]
    },
    {
      "file_path": "./images/0090.jpg",
      "sharpness": 16.70842253664655,
      "transform_matrix": [
        [
          0.5307107271813893,
          -0.362302454605146,
          0.7662134529025906,
          2.2406986697981837
        ],
        [
          0.8475487888614943,
          0.2240041135949841,
          -0.4811270181478845,
          -1.765984143692736
        ],
        [
          0.002678534309836237,
          0.9047425536848515,
          0.4259503926197544,
          2.2161998149821516
        ],
        [
          0.0,
          0.0,
          0.0,
          1.0
        ]
      ]
    },
    {
      "file_path": "./images/0021.jpg",
      "sharpness": 18.27247047087116,
      "transform_matrix": [
        [
          0.5336494160578249,
          0.011134767308551357,
          0.8456324956299577,
          3.7915786177479642
        ],
        [
          0.8450607051466104,
          0.03202701974136663,
          -0.5337102909102791,
          -2.597020900577005
        ],
        [
          -0.03302582853094708,
          0.9994249781402623,
          0.0076816460696448085,
          -0.30557892247655843
        ],
        [
          0.0,
          0.0,
          0.0,
          1.0
        ]
      ]
    },
    {
      "file_path": "./images/0097.jpg",
      "sharpness": 17.557719836028564,
      "transform_matrix": [
        [
          0.41125738488052155,
          -0.180086235979996,
          0.8935526346886425,
          2.6619305889540867
        ],
        [
          0.9109382375781874,
          0.11619479146423287,
          -0.39584125322465374,
          -1.0748141679371468
        ],
        [
          -0.03254060071113037,
          0.9767639008556177,
          0.2118334044900251,
          1.3097740234104112
        ],
        [
          0.0,
          0.0,
          0.0,
          1.0
        ]
      ]
    },
    {
      "file_path": "./images/0094.jpg",
      "sharpness": 26.230335626371414,
      "transform_matrix": [
        [
          0.3735470518531983,
          -0.24205978519919424,
          0.8954717529929836,
          2.6085634856074527
        ],
        [
          0.9200922440150765,
          0.21935044711613605,
          -0.32452371847553335,
          -1.2224925875496602
        ],
        [
          -0.11786798781264976,
          0.9451414929564015,
          0.30465504379264735,
          1.8270156056847402
        ],
        [
          0.0,
          0.0,
          0.0,
          1.0
        ]
      ]
    },
    {
      "file_path": "./images/0105.jpg",
      "sharpness": 23.788726792775847,
      "transform_matrix": [
        [
          0.0010389584885387602,
          0.15651532119694275,
          0.98767498437649,
          2.924356181616248
        ],
        [
          0.9871521976477181,
          -0.1579708185975927,
          0.023994981784154802,
          -0.12485617043789314
        ],
        [
          0.15977940807138052,
          0.9749606015989211,
          -0.154668568408024,
          -0.11212461991363613
        ],
        [
          0.0,
          0.0,
          0.0,
          1.0
        ]
      ]
    },
    {
      "file_path": "./images/0103.jpg",
      "sharpness": 30.851219562897608,
      "transform_matrix": [
        [
          0.1600522747919146,
          0.10442319321955174,
          0.9815696949371392,
          2.9520081614851166
        ],
        [
          0.9723363634863791,
          -0.18806593431000157,
          -0.13853952719034784,
          -0.5293464740683677
        ],
        [
          0.17013308195239324,
          0.976589474159024,
          -0.13163484855591714,
          0.025722641741180528
        ],
        [
          0.0,
          0.0,
          0.0,
          1.0
        ]
      ]
    },
    {
      "file_path": "./images/0107.jpg",
      "sharpness": 26.744635648823298,
      "transform_matrix": [
        [
          -0.06989199864001357,
          0.15761192015425754,
          0.9850246652336253,
          2.9007287398349497
        ],
        [
          0.9867221408292055,
          -0.1342005873770961,
          0.09148562261364787,
          0.22484326586780437
        ],
        [
          0.14661011330192475,
          0.978339759460188,
          -0.14613962400436198,
          -0.22529404900878994
        ],
        [
          0.0,
          0.0,
          0.0,
          1.0
        ]
      ]
    },
    {
      "file_path": "./images/0108.jpg",
      "sharpness": 27.500816137743453,
      "transform_matrix": [
        [
          -0.09112239601692879,
          0.16970737548184237,
          0.9812727019633339,
          2.899774135972983
        ],
        [
          0.9838326859415572,
          -0.1372129867906288,
          0.11509058314628055,
          0.28428982832739086
        ],
        [
          0.15417507910092962,
          0.9758954877089909,
          -0.15446048692339218,
          -0.2764950498257845
        ],
        [
          0.0,
          0.0,
          0.0,
          1.0
        ]
      ]
    },
    {
      "file_path": "./images/0110.jpg",
      "sharpness": 22.35281006506821,
      "transform_matrix": [
        [
          -0.0970991578756818,
          0.3385438255341638,
          0.9359272576967456,
          2.8283510674220493
        ],
        [
          0.9877553175407977,
          -0.08259628675004112,
          0.13235288468680256,
          0.19544590587345562
        ],
        [
          0.1221113680562522,
          0.9373184792668425,
          -0.32637843400488714,
          -0.8169713290997656
        ],
        [
          0.0,
          0.0,
          0.0,
          1.0
        ]
      ]
    },
    {
      "file_path": "./images/0115.jpg",
      "sharpness": 47.445226579087695,
      "transform_matrix": [
        [
          0.13288872198051527,
          0.29217213348715754,
          0.9470881859421388,
          2.6138997435204576
        ],
        [
          0.9902234818842494,
          0.0017437033531426136,
          -0.13947908597200234,
          -0.2492886147489836
        ],
        [
          -0.04240334297082768,
          0.9563641586128918,
          -0.28908398882109065,
          -1.3671405578206004
        ],
        [
          0.0,
          0.0,
          0.0,
          1.0
        ]
      ]
    },
    {
      "file_path": "./images/0078.jpg",
      "sharpness": 19.52352332697529,
      "transform_matrix": [
        [
          0.9364175098293591,
          -0.2529377379669934,
          0.24319693247314067,
          1.1900542706954613
        ],
        [
          0.3285261719569547,
          0.38853208032535497,
          -0.8608794206491963,
          -3.0321167564269134
        ],
        [
          0.12325908321880924,
          0.8860391206047371,
          0.44692490994483725,
          2.115115027631648
        ],
        [
          0.0,
          0.0,
          0.0,
          1.0
        ]
      ]
    },
    {
      "file_path": "./images/0009.jpg",
      "sharpness": 24.330851175887958,
      "transform_matrix": [
        [
          0.9277126951633288,
          0.0433055968055266,
          0.37077456828284944,
          1.8534679881161829
        ],
        [
          0.3712080105834889,
          -0.0021399220499684186,
          -0.9285472705318795,
          -4.376383515399486
        ],
        [
          -0.03941786503828999,
          0.9990595807989109,
          -0.018060617289725887,
          -0.3622827507513748
        ],
        [
          0.0,
          0.0,
          0.0,
          1.0
        ]
      ]
    },
    {
      "file_path": "./images/0077.jpg",
      "sharpness": 17.710142740192367,
      "transform_matrix": [
        [
          0.9551094791187553,
          -0.21834749836678852,
          0.20022550492304503,
          1.0317922669135402
        ],
        [
          0.2757587951450256,
          0.4082381333264313,
          -0.8702291154622729,
          -3.0000132016635797
        ],
        [
          0.10827266399300424,
          0.88637802117803,
          0.4501233539503767,
          2.1031746357360763
        ],
        [
          0.0,
          0.0,
          0.0,
          1.0
        ]
      ]
    },
    {
      "file_path": "./images/0008.jpg",
      "sharpness": 19.888845965288485,
      "transform_matrix": [
        [
          0.9520166960790014,
          0.05569079818223961,
          0.30093644736367603,
          1.5421539526392998
        ],
        [
          0.3012959903033707,
          0.002023156306145343,
          -0.9535285171748178,
          -4.514535853527271
        ],
        [
          -0.053711605682225924,
          0.9984460134646966,
          -0.014853335606875198,
          -0.4243407688242947
        ],
        [
          0.0,
          0.0,
          0.0,
          1.0
        ]
      ]
    },
    {
      "file_path": "./images/0076.jpg",
      "sharpness": 17.170383869027763,
      "transform_matrix": [
        [
          0.967884674085885,
          -0.19193898910952428,
          0.16235357124651448,
          0.8814239234065514
        ],
        [
          0.23099957746170183,
          0.42421728164291417,
          -0.8756020175673114,
          -2.992965762005631
        ],
        [
          0.0991889754549141,
          0.8849853797594239,
          0.4549312307672784,
          2.0799371653356977
        ],
        [
          0.0,
          0.0,
          0.0,
          1.0
        ]
      ]
    },
    {
      "file_path": "./images/0007.jpg",
      "sharpness": 21.502008020345116,
      "transform_matrix": [
        [
          0.9729480444422218,
          0.06607255484270694,
          0.22137416353277783,
          1.1767307029756553
        ],
        [
          0.2217312737773423,
          0.0019709507216583606,
          -0.9751058186588084,
          -4.6371422346124485
        ],
        [
          -0.06486405024814833,
          0.9978128746498361,
          -0.012732719096667249,
          -0.5001015343603054
        ],
        [
          0.0,
          0.0,
          0.0,
          1.0
        ]
      ]
    },
    {
      "file_path": "./images/0074.jpg",
      "sharpness": 19.649967577352644,
      "transform_matrix": [
        [
          0.9833493695359151,
          -0.15697750139823122,
          0.09155370803691867,
          0.5507867763862911
        ],
        [
          0.15384987899269292,
          0.45100555098700695,
          -0.8791610817778359,
          -2.9729084296570996
        ],
        [
          0.09671727940595655,
          0.8786080223895605,
          0.4676469938149646,
          2.055467880586711
        ],
        [
          0.0,
          0.0,
          0.0,
          1.0
        ]
      ]
    },
    {
      "file_path": "./images/0073.jpg",
      "sharpness": 22.27376531814042,
      "transform_matrix": [
        [
          0.9877895041634832,
          -0.14461986075897176,
          0.05793954871879963,
          0.4328075712167869
        ],
        [
          0.11801106115709323,
          0.45176593676480364,
          -0.8842968550342869,
          -3.0324333601208693
        ],
        [
          0.10171177354197676,
          0.8803366595949151,
          0.46331639390741436,
          2.0625604242689057
        ],
        [
          0.0,
          0.0,
          0.0,
          1.0
        ]
      ]
    },
    {
      "file_path": "./images/0072.jpg",
      "sharpness": 21.37331275597275,
      "transform_matrix": [
        [
          0.9899323539736977,
          -0.13563740072471817,
          0.04045281260875582,
          0.3466861781820166
        ],
        [
          0.09777118241131853,
          0.4486252477494116,
          -0.8883558875651171,
          -3.084536961352322
        ],
        [
          0.10234613042906877,
          0.8833673542643513,
          0.45737007660466183,
          2.0430998161937173
        ],
        [
          0.0,
          0.0,
          0.0,
          1.0
        ]
      ]
    },
    {
      "file_path": "./images/0054.jpg",
      "sharpness": 18.43705331441456,
      "transform_matrix": [
        [
          0.9841260883424553,
          0.016189976651618303,
          0.17673066193227713,
          0.2977019599536068
        ],
        [
          0.17407932253912775,
          -0.28181127678094264,
          -0.9435458620243895,
          -3.025213896822368
        ],
        [
          0.034528708009570114,
          0.959333252266835,
          -0.28015616963666023,
          -1.3948989503616518
        ],
        [
          0.0,
          0.0,
          0.0,
          1.0
        ]
      ]
    },
    {
      "file_path": "./images/0049.jpg",
      "sharpness": 30.015080859073596,
      "transform_matrix": [
        [
          0.8372056989892787,
          -0.11105288768460768,
          0.5354940463571992,
          1.4619100368297264
        ],
        [
          0.4410967833003946,
          -0.44171970969078844,
          -0.7812280882256253,
          -2.505177138734717
        ],
        [
          0.32329590983582857,
          0.8902533089976655,
          -0.3208251867751175,
          -1.785883765802583
        ],
        [
          0.0,
          0.0,
          0.0,
          1.0
        ]
      ]
    }
  ]
}